MAP 0
SCALE
1200
750
SPAWNS
50
500
1100
500
FFASPAWNS
800
100
-1
500
750
1
1100
500
-1
100
300
1
1050
250
-1
125
550
1
FLAGS
100
500
1100
500
PLATFORMS
60
700
180
220
700
700
800
700
1000
160
650
260
900
650
1100
100
600
220
450
600
950
100
550
200
600
550
700
0
500
200
250
500
350
500
500
600
650
500
800
950
500
1200
400
450
500
800
450
1000
100
400
500
550
400
650
700
400
900
950
400
1100
0
350
400
550
350
700
850
350
1200
50
300
350
600
300
700
900
300
1100
150
250
450
900
250
1100
250
200
600
700
200
900
0
150
550
400
100
600
750
100
900
MAP 1
SCALE
1800
750
SPAWNS
50
60
1700
60
FFASPAWNS
500
250
1
1304
700
-1
50
500
1
1200
250
-1
400
700
1
1650
500
-1
FLAGS
100
500
1700
500
PLATFORMS
0
60
200
1600
60
1800
50
100
450
1350
100
1750
500
250
600
800
250
1000
1200
250
1300
200
300
500
1300
300
1600
500
350
600
1200
350
1300
600
400
700
600
450
700
1100
400
1200
1100
450
1200
0
500
200
600
500
700
1100
500
1200
1600
500
1800
100
550
300
500
550
600
1200
550
1300
1500
550
1700
300
600
500
1300
600
1500
250
650
400
1400
650
1550
400
700
500
1300
700
1400
MAP 2
SCALE
1800
750
SPAWNS
50
500
1700
500
FFASPAWNS
800
100
-1
500
750
1
1100
500
-1
100
300
1
1050
250
-1
125
550
1
FLAGS
100
500
1100
500
PLATFORMS
850
50
950
0
100
200
750
100
1050
1600
100
1800
350
150
500
600
150
750
1050
150
1200
1300
150
1450
500
200
600
700
200
800
1000
200
1100
1200
200
1300
200
250
350
550
250
750
1050
250
1250
1450
250
1600
0
300
300
700
300
850
950
300
1100
1500
300
1800
350
350
450
550
350
1250
1350
350
1450
150
400
350
550
400
700
1100
400
1250
1450
400
1650
200
450
800
1000
450
1600
0
500
400
700
500
1100
1400
500
1800
100
550
300
500
550
850
950
550
1300
1500
550
1700
150
600
400
500
600
650
1150
600
1300
1400
600
1650
0
650
600
1200
650
1800
350
700
700
1100
700
1450
MAP 3